  Loading openmpi/3.1.1 for compiler gnu-4.8.5
1; 1; 100; 0.067724
1; 1; 200; 1.067637
1; 1; 400; 8.518314
1; 1; 800; 69.615371
1; 2; 100; 0.038347
1; 2; 200; 0.544419
1; 2; 400; 4.283753
1; 2; 800; 34.131412
1; 3; 100; 0.028396
1; 3; 200; 0.366262
1; 3; 400; 2.865894
1; 3; 800; 22.952629
1; 4; 100; 0.024716
1; 4; 200; 0.281363
1; 4; 400; 2.163853
1; 4; 800; 17.150084
1; 5; 100; 0.022577
1; 5; 200; 0.229736
1; 5; 400; 1.740945
1; 5; 800; 13.716562
1; 6; 100; 0.022722
1; 6; 200; 0.197738
1; 6; 400; 1.462694
1; 6; 800; 11.462425
1; 7; 100; 0.024341
1; 7; 200; 0.176411
1; 7; 400; 1.273144
1; 7; 800; 9.872646
1; 8; 100; 0.033538
1; 8; 200; 0.163847
1; 8; 400; 1.150775
1; 8; 800; 8.788950
2; 1; 100; 0.064279
2; 1; 200; 0.578338
2; 1; 400; 4.339776
2; 1; 800; 34.347204
2; 2; 100; 0.051612
2; 2; 200; 0.320607
2; 2; 400; 2.236692
2; 2; 800; 17.274301
2; 3; 100; 0.047493
2; 3; 200; 0.232098
2; 3; 400; 1.524755
2; 3; 800; 11.611975
2; 4; 100; 0.046757
2; 4; 200; 0.191666
2; 4; 400; 1.174337
2; 4; 800; 8.776424
2; 5; 100; 0.047770
2; 5; 200; 0.156945
2; 5; 400; 0.966032
2; 5; 800; 7.088933
2; 6; 100; 0.043674
2; 6; 200; 0.156400
2; 6; 400; 0.819964
2; 6; 800; 5.959654
2; 7; 100; 0.050106
2; 7; 200; 0.145068
2; 7; 400; 0.736189
2; 7; 800; 5.183623
2; 8; 100; 0.042139
2; 8; 200; 0.127965
2; 8; 400; 0.674211
2; 8; 800; 4.623024
3; 1; 100; 0.071166
3; 1; 200; 0.406625
3; 1; 400; 2.937614
3; 1; 800; 22.955922
3; 2; 100; 0.061308
3; 2; 200; 0.253090
3; 2; 400; 1.544189
3; 2; 800; 11.645003
3; 3; 100; 0.061316
3; 3; 200; 0.192641
3; 3; 400; 1.064389
3; 3; 800; 7.853857
3; 4; 100; 0.061312
3; 4; 200; 0.172144
3; 4; 400; 0.849284
3; 4; 800; 5.982276
3; 5; 100; 0.051332
3; 5; 200; 0.152281
3; 5; 400; 0.706511
3; 5; 800; 4.883840
3; 6; 100; 0.061202
3; 6; 200; 0.133710
3; 6; 400; 0.630128
3; 6; 800; 4.133007
3; 7; 100; 0.073493
3; 7; 200; 0.156583
3; 7; 400; 0.568320
3; 7; 800; 3.637540
3; 8; 100; 0.074027
3; 8; 200; 0.134898
3; 8; 400; 0.529149
3; 8; 800; 5.193673
4; 1; 100; 0.091813
4; 1; 200; 0.355062
4; 1; 400; 2.281260
4; 1; 800; 17.321671
4; 2; 100; 0.082019
4; 2; 200; 0.233137
4; 2; 400; 1.223884
4; 2; 800; 8.832134
4; 3; 100; 0.082160
4; 3; 200; 0.182854
4; 3; 400; 0.879287
4; 3; 800; 6.000877
4; 4; 100; 0.091993
4; 4; 200; 0.172835
4; 4; 400; 0.686833
4; 4; 800; 4.633989
4; 5; 100; 0.102852
4; 5; 200; 0.134213
4; 5; 400; 0.610062
4; 5; 800; 3.780049
4; 6; 100; 0.082542
4; 6; 200; 0.144243
4; 6; 400; 0.527546
4; 6; 800; 3.214529
4; 7; 100; 0.094863
4; 7; 200; 0.155518
4; 7; 400; 0.471369
4; 7; 800; 2.860147
4; 8; 100; 0.105120
4; 8; 200; 0.145681
4; 8; 400; 0.450493
4; 8; 800; 2.603355
5; 1; 100; 0.121844
5; 1; 200; 0.343013
5; 1; 400; 1.845323
5; 1; 800; 13.923280
5; 2; 100; 0.111963
5; 2; 200; 0.242925
5; 2; 400; 1.006416
5; 2; 800; 7.168572
5; 3; 100; 0.112046
5; 3; 200; 0.202694
5; 3; 400; 0.738689
5; 3; 800; 4.905973
5; 4; 100; 0.103057
5; 4; 200; 0.192594
5; 4; 400; 0.605577
5; 4; 800; 3.796299
5; 5; 100; 0.093344
5; 5; 200; 0.183834
5; 5; 400; 0.537252
5; 5; 800; 3.122450
5; 6; 100; 0.093549
5; 6; 200; 0.154117
5; 6; 400; 0.467993
5; 6; 800; 2.787769
5; 7; 100; 0.122752
5; 7; 200; 0.157179
5; 7; 400; 0.469184
5; 7; 800; 2.388999
5; 8; 100; 0.106328
5; 8; 200; 0.186780
5; 8; 400; 0.447743
5; 8; 800; 2.200111
6; 1; 100; 0.141641
6; 1; 200; 0.342972
6; 1; 400; 1.612370
6; 1; 800; 11.691667
6; 2; 100; 0.151797
6; 2; 200; 0.252764
6; 2; 400; 0.899585
6; 2; 800; 6.066388
6; 3; 100; 0.151875
6; 3; 200; 0.222613
6; 3; 400; 0.678681
6; 3; 800; 4.155006
6; 4; 100; 0.151990
6; 4; 200; 0.212707
6; 4; 400; 0.567116
6; 4; 800; 3.233352
6; 5; 100; 0.132131
6; 5; 200; 0.183939
6; 5; 400; 0.488055
6; 5; 800; 2.706194
6; 6; 100; 0.153374
6; 6; 200; 0.183210
6; 6; 400; 0.495831
6; 6; 800; 2.327049
6; 7; 100; 0.114740
6; 7; 200; 0.195408
6; 7; 400; 0.436301
6; 7; 800; 2.218034
6; 8; 100; 0.126008
6; 8; 200; 0.204023
6; 8; 400; 0.418512
6; 8; 800; 1.934541
7; 1; 100; 0.181690
7; 1; 200; 0.342811
7; 1; 400; 1.396971
7; 1; 800; 10.109144
7; 2; 100; 0.181797
7; 2; 200; 0.272612
7; 2; 400; 0.808558
7; 2; 800; 5.241076
7; 3; 100; 0.182034
7; 3; 200; 0.252521
7; 3; 400; 0.657123
7; 3; 800; 3.660191
7; 4; 100; 0.172000
7; 4; 200; 0.242695
7; 4; 400; 0.526096
7; 4; 800; 2.841466
7; 5; 100; 0.163249
7; 5; 200; 0.193027
7; 5; 400; 0.506593
7; 5; 800; 2.388340
7; 6; 100; 0.123475
7; 6; 200; 0.204045
7; 6; 400; 0.455915
7; 6; 800; 2.056259
7; 7; 100; 0.184986
7; 7; 200; 0.225359
7; 7; 400; 0.418261
7; 7; 800; 1.842840
7; 8; 100; 0.144711
7; 8; 200; 0.226879
7; 8; 400; 0.427519
7; 8; 800; 1.776979
8; 1; 100; 0.211623
8; 1; 200; 0.352913
8; 1; 400; 1.272773
8; 1; 800; 8.870895
8; 2; 100; 0.211878
8; 2; 200; 0.292484
8; 2; 400; 0.790726
8; 2; 800; 4.663346
8; 3; 100; 0.211915
8; 3; 200; 0.272644
8; 3; 400; 0.617247
8; 3; 800; 3.268140
8; 4; 100; 0.211773
8; 4; 200; 0.262443
8; 4; 400; 0.535682
8; 4; 800; 2.575156
8; 5; 100; 0.223253
8; 5; 200; 0.232390
8; 5; 400; 0.457149
8; 5; 800; 2.143400
8; 6; 100; 0.193294
8; 6; 200; 0.223767
8; 6; 400; 0.455431
8; 6; 800; 1.902008
8; 7; 100; 0.194648
8; 7; 200; 0.185495
8; 7; 400; 0.437759
8; 7; 800; 1.730721
8; 8; 100; 0.167673
8; 8; 200; 0.234374
8; 8; 400; 0.398683
8; 8; 800; 1.608149
